image: jurong_lake_half_done.pgm
resolution: 0.050000
origin: [-50.000000, -190.800000, 0.000000]
negate: 0
occupied_thresh: 0.65
free_thresh: 0.196

