image: soe_map.pgm
resolution: 0.050000
origin: [-64.400000, -61.200000, 0.000000]
negate: 0
occupied_thresh: 0.65
free_thresh: 0.196

